1.630
7.254
0.810
0.746
0.749
0.703
0.716
0.717
0.706
0.704
0.715
0.690
0.698
0.707
0.690
0.685
0.697
0.687
0.683
0.693
0.683
0.686
0.683
0.671
0.674
0.665
0.657
0.651
0.633
0.615
0.609
0.589
0.542
0.526
0.512
0.486
0.490
0.490
0.512
0.395
0.423
0.445
0.428
0.435
0.388
0.443
0.422
0.370
0.529
0.396
0.382
0.385
0.380
0.327
0.353
0.323
0.308
0.308
0.261
0.298
0.275
0.308
0.291
0.248
0.315
0.296
0.244
0.218
0.253
0.227
0.211
0.214
0.222
0.194
0.182
0.206
0.204
0.189
0.200
0.146
0.208
0.177
0.187
0.163
0.205
0.178
0.239
0.220
0.197
0.194
0.207
0.186
0.200
0.201
0.185
0.210
0.242
0.187
0.165
0.197
0.199
0.218
0.178
0.244
0.189
0.179
0.205
0.173
0.152
0.152
0.128
0.143
0.199
0.128
0.136
0.160
0.194
0.114
0.126
0.182
0.146
0.147
0.178
0.138
0.142
0.173
0.164
0.203
0.172
0.169
0.129
0.135
0.152
0.204
0.162
0.189
0.196
0.171
0.201
0.194
0.155
0.191
0.189
0.214
0.154
0.178
0.182
0.171
0.156
0.156
0.166
0.156
0.173
0.152
0.145
0.173
0.160
0.152
0.175
0.151
0.147
0.147
0.156
0.139
0.115
0.161
0.182
0.129
0.142
0.134
0.179
0.158
0.138
0.132
0.127
0.170
0.154
0.128
0.160
0.182
0.152
0.177
0.158
0.145
0.148
0.189
0.143
0.299
0.163
0.215
0.199
0.196
0.204
0.184
0.138
0.164
0.141
0.219
0.126
0.129
0.115
0.179
0.114
0.136
0.116
0.129
0.142
0.143
0.138
0.163
0.128
0.156
0.150
0.145
0.157
0.151
0.157
0.155
0.167
0.178
0.160
0.114
0.134
0.145
0.173
0.139
0.112
0.160
0.132
0.151
0.116
0.160
0.104
0.127
0.132
0.124
0.153
0.129
0.144
0.149
0.118
0.114
0.125
0.134
0.103
0.159
0.149
0.116
0.120
0.130
0.142
0.144
0.140
0.161
0.172
0.134
0.123
0.105
0.120
0.113
0.140
0.132
0.167
0.120
0.174
0.132
0.156
0.207
0.153
0.104
0.141
0.091
0.141
0.165
0.133
0.113
0.103
0.140
0.125
0.149
0.154
0.114
0.118
0.127
0.106
0.154
0.142
0.134
0.117
0.153
0.164
0.115
0.117
0.131
0.134
0.129
0.138
0.086
0.113
0.102
0.100
0.106
0.116
0.177
0.113
0.127
0.115
0.128
0.139
0.089
0.145
0.109
0.139
0.132
0.127
0.131
0.114
0.119
0.127
0.143
0.119
0.122
0.109
0.147
0.129
0.141
0.116
0.137
0.104
0.105
0.109
0.122
0.109
0.129
0.108
0.121
0.119
0.111
0.119
0.136
0.155
0.087
0.104
0.115
0.148
0.108
0.154
0.128
0.147
0.126
0.113
0.125
0.098
0.109
0.132
0.107
0.138
0.095
0.087
0.132
0.112
0.108
0.130
0.100
0.100
0.112
0.084
0.112
0.134
0.092
0.127
0.093
0.121
0.111
0.119
0.095
0.090
0.104
0.095
0.108
0.126
0.084
0.126
0.107
0.097
0.088
0.122
0.096
0.120
0.078
0.111
0.093
0.102
0.124
0.084
0.110
0.114
0.099
0.114
0.098
0.124
0.108
0.103
0.104
0.110
0.102
0.091
0.078
0.110
0.080
0.081
0.086
0.090
0.106
0.076
0.099
0.097
0.102
0.100
0.101
0.068
0.092
0.087
0.114
0.107
0.088
0.078
0.113
0.104
0.113
0.122
0.101
0.082
0.088
0.112
0.065
0.089
0.086
0.129
0.082
0.082
0.083
0.084
0.112
0.094
0.095
0.084
0.061
0.085
0.106
0.052
0.093
0.102
0.109
0.110
0.089
0.094
0.067
0.093
0.087
0.107
0.076
0.086
0.078
0.066
0.093
0.094
0.066
0.079
0.084
0.093
0.091
0.133
0.084
0.110
0.074
0.098
0.071
0.122
0.065
0.095
0.079
0.095
0.069
0.091
0.073
0.114
0.099
0.084
0.103
0.063
0.072
0.069
0.084
0.064
0.049
0.106
0.090
0.106
0.086
0.092
0.083
0.079
0.074
0.063
0.106
0.081
0.112
0.089
0.102
0.069
0.073
0.108
0.076
0.091
0.087
0.086
0.122
0.091
0.078
0.093
0.100
0.099
0.084
0.072
0.079
0.088
0.070
0.067
0.074
0.081
0.059
0.112
0.075
0.084
0.107
0.096
0.078
0.063
0.101
0.077
0.066
0.059
0.102
0.080
0.100
0.085
0.063
0.064
0.086
0.122
0.085
0.061
0.077
0.089
0.066
0.072
0.078
0.078
0.103
0.079
0.072
0.060
0.074
0.070
0.067
0.065
0.070
0.067
0.051
0.068
0.073
0.064
0.071
0.044
0.078
0.075
0.078
0.071
0.111
0.072
0.071
0.074
0.063
0.051
0.052
0.077
0.062
0.103
0.058
0.092
0.069
0.070
0.063
0.091
0.063
0.075
0.063
0.071
0.062
0.046
0.063
0.057
0.048
0.079
0.059
0.064
0.050
0.097
0.058
0.076
0.067
0.055
0.061
0.055
0.062
0.054
0.081
0.076
0.072
0.067
0.060
0.069
0.071
0.053
0.063
0.069
0.069
0.045
0.073
0.076
0.055
0.054
0.075
0.073
0.079
0.069
0.062
0.048
0.090
0.058
0.059
0.066
0.049
0.067
0.058
0.062
0.057
0.062
0.048
0.054
0.076
0.056
0.062
0.056
0.056
0.052
0.061
0.062
0.074
0.060
0.050
0.082
0.080
0.063
0.065
0.055
0.075
0.040
0.049
0.063
0.038
0.057
0.069
0.060
0.061
0.046
0.062
0.055
0.041
0.058
0.060
0.057
0.061
0.054
0.045
0.071
0.076
0.073
0.063
0.065
0.066
0.058
0.063
0.036
0.061
0.050
0.051
0.056
0.048
0.091
0.051
0.088
0.050
0.069
0.061
0.046
0.056
0.060
0.049
0.047
0.051
0.066
0.053
0.059
0.059
0.082
0.061
0.052
0.071
0.068
0.050
0.048
0.056
0.055
0.069
0.072
0.049
0.051
0.070
0.054
0.063
0.050
0.053
0.044
0.060
0.074
0.059
0.061
0.052
0.061
0.061
0.048
0.045
0.062
0.043
0.098
0.051
0.072
0.064
0.042
0.061
0.059
0.057
0.080
0.085
0.033
0.060
0.062
0.045
0.052
0.065
0.056
0.048
0.045
0.066
0.058
0.048
0.062
0.061
0.038
0.047
0.068
0.048
0.075
0.044
0.068
0.056
0.056
0.058
0.049
0.076
0.058
0.045
0.033
0.049
0.055
0.051
0.060
0.054
0.059
0.054
0.047
0.053
0.051
0.049
0.040
0.063
0.047
0.059
0.045
0.047
0.057
0.043
0.059
0.043
0.067
0.053
0.046
0.055
0.051
0.050
0.047
0.047
0.052
0.052
0.061
0.054
0.051
0.039
0.042
0.057
0.049
0.050
0.046
0.049
0.042
0.048
0.064
0.059
0.071
0.057
0.044
0.050
0.039
0.044
0.050
0.067
0.031
0.052
0.052
0.046
0.050
0.059
0.041
0.059
0.059
0.053
0.039
0.046
0.065
0.055
0.046
0.056
0.053
0.040
0.033
0.044
0.042
0.047
0.052
0.050
0.046
0.048
0.052
0.045
0.049
0.036
0.052
0.045
0.034
0.062
0.037
0.055
0.053
0.056
0.047
0.061
0.038
0.048
0.062
0.055
0.041
0.039
0.048
0.057
0.047
0.059
0.062
0.033
0.051
0.044
0.038
0.055
0.040
0.055
0.039
0.045
0.041
0.046
0.041
0.043
0.043
0.058
0.035
0.036
0.037
0.048
0.040
0.038
0.044
0.046
0.040
0.054
0.046
0.027
0.035
0.050
0.042
0.076
0.053
0.046
0.049
0.048
0.066
0.036
0.035
0.044
0.056
0.044
0.054
0.036
0.051
0.038
0.050
0.034
0.038
0.038
0.047
0.044
0.035
0.045
0.045
0.039
0.030
0.042
0.038
0.038
0.047
0.051
0.049
0.041
0.039
0.040
0.045
0.043
0.059
0.038
0.043
0.044
0.027
0.039
0.047
0.056
0.051
0.037
0.043
0.046
0.040
0.042
0.061
0.038
0.057
0.033
0.036
0.036
0.029
0.039
0.052
0.044
0.041
0.056
0.057
0.041
0.054
0.040
0.051
0.045
0.049
0.037
0.031
0.040
0.039
0.052
0.039
0.047
0.041
0.037
0.033
0.036
0.029
0.041
0.049
0.037
0.051
0.042
0.046
0.042
0.042
0.035
0.046
0.041
0.044
0.042
0.040
0.051
0.042
0.041
0.038
0.033
0.035
0.044
0.061
0.058
0.067
0.059
0.064
0.062
0.047
0.071
0.039
0.048
0.052
0.060
0.051
0.037
0.034
0.059
0.084
0.056
0.055
0.068
0.062
0.056
0.047
0.081
0.050
0.029
0.069
0.039
0.088
0.051
0.069
0.060
0.046
0.042
0.057
0.051
0.040
0.064
0.040
0.066
0.045
0.071
0.058
0.059
0.060
0.059
0.040
0.069
0.057
0.059
0.044
0.064
0.072
0.044
0.047
0.054
0.048
0.050
0.054
0.037
0.064
0.045
0.041
0.039
0.058
0.045
0.056
0.067
0.035
0.060
0.057
0.054
0.057
0.051
0.051
0.037
0.049
0.051
0.048
0.049
0.038
0.043
0.045
0.054
0.044
0.039
0.034
0.040
0.046
0.046
0.041
0.053
0.052
0.044
0.042
0.037
0.032
0.035
0.035
0.032
0.048
0.042
0.027
0.037
0.044
0.038
0.034
0.053
0.058
0.040
0.040
0.046
0.034
0.030
0.039
0.029
0.043
0.037
0.040
0.047
0.029
0.040
0.028
0.040
0.042
0.043
0.030
0.036
0.038
0.031
0.032
0.027
0.049
0.039
0.041
0.048
0.034
0.040
0.051
0.031
0.036
0.052
0.030
0.039
0.040
0.036
0.037
0.031
0.034
0.034
0.032
0.029
0.039
0.026
0.035
0.033
0.032
0.041
0.033
0.042
0.032
0.040
0.040
0.032
0.030
0.035
0.034
0.036
0.042
0.039
0.028
0.033
0.047
0.022
0.031
0.031
0.023
0.031
0.029
0.031
0.034
0.038
0.042
0.033
0.035
0.035
0.040
0.023
0.035
0.033
0.030
0.034
0.042
0.034
0.029
0.046
0.040
0.024
0.033
0.035
0.032
0.024
0.032
0.035
0.031
0.037
0.037
0.032
0.032
0.032
0.031
0.037
0.043
0.028
0.029
0.032
0.034
0.033
0.021
0.031
0.037
0.036
0.029
0.043
0.029
0.033
0.040
0.034
0.026
0.027
0.030
0.034
0.033
0.025
0.039
0.034
0.037
0.038
0.033
0.033
0.033
0.028
0.028
0.036
0.038
0.029
0.037
0.023
0.031
0.037
0.031
0.030
0.031
0.037
0.023
0.041
0.028
0.035
0.034
0.030
0.030
0.020
0.038
0.037
0.029
0.032
0.033
0.037
0.021
0.026
0.030
0.045
0.039
0.045
0.028
0.039
0.033
0.031
0.032
0.021
0.031
0.031
0.034
0.033
0.033
0.032
0.025
0.029
0.032
0.027
0.024
0.027
0.032
0.027
0.024
0.035
0.029
0.038
0.029
0.035
0.034
0.021
0.036
0.038
0.035
0.036
0.027
0.035
0.035
0.026
0.044
0.024
0.030
0.038
0.033
0.031
0.025
0.032
0.026
0.028
0.038
0.027
0.027
0.035
0.033
0.030
0.029
0.036
0.044
0.027
0.044
0.033
0.036
0.031
0.031
0.034
0.042
0.037
0.027
0.034
0.030
0.032
0.033
0.028
0.033
0.025
0.026
0.028
0.036
0.031
0.033
0.039
0.032
0.033
0.028
0.028
0.035
0.032
0.028
0.034
0.037
0.033
0.027
0.029
0.030
0.035
0.031
0.028
0.034
0.031
0.039
0.031
0.030
0.030
0.038
0.030
0.030
0.039
0.033
0.044
0.025
0.032
0.026
0.033
0.020
0.026
0.027
0.032
0.034
0.026
0.033
0.029
0.028
0.033
0.023
0.029
0.026
0.021
0.031
0.022
0.032
0.025
0.029
0.023
0.022
0.030
0.022
0.023
0.028
0.032
0.030
0.031
0.028
0.030
0.035
0.028
0.035
0.032
0.027
0.031
0.032
0.023
0.030
0.030
0.026
0.023
0.031
0.027
